batch-1.csv: 99.93783767827081
batch-2.csv: 99.8983572636401
batch-3.csv: 89.52226883425276
batch-4.csv: 89.3649292953037
batch-5.csv: 100.80108846176181
batch-6.csv: 100.3350794276616
batch-7.csv: 100.09765850751849
